24
199
238
287
294
329
446
470
488
518
519
520
545
548
549
562
569
571
573
575
582
584
585
615
630
644
646
648
654
726
729
732
735
817
1017
1019
1260
1261
1276
1280
1311
1313
1314
1328
1338
1351
1352
1379
1396
1639
1655
1659
1736
1766
1768
1774
1780
1789
2039
2054
2718
5507
13373
13689
28037
28090
28131
28132
28141
28901
29391
29394
29466
32002
33033
36809
38289
39950
40324
43675
43770
47312
48296
54291
57704
80866
83262
83655
84109
85698
102862
106654
117187
134821
135487
244366
249188
327575
746128
1117645
1463165
